['geteuid', 'umask', 'set_robust_list', 'getpid', 'getppid', 'set_tid_address', 'arch_prctl', 'rt_sigaction', 'sysinfo', 'setsid', 'setgid', 'setuid', 'dup2', 'epoll_create', 'close', 'eventfd2', 'setgroups', 'lseek', 'newuname', 'rt_sigprocmask', 'pipe', 'newfstat', 'epoll_ctl', 'getcwd', 'prlimit64', 'prctl', 'brk', 'fcntl', 'madvise', 'rt_sigsuspend', 'bind', 'accept', 'listen', 'readlink', 'setsockopt', 'socketpair', 'accept4', 'writev', 'recvfrom', 'mmap', 'munmap', 'connect', 'sendfile64', 'pread64', 'socket', 'newstat', 'mprotect', 'pwrite64', 'mkdir', 'getdents', 'clone', 'access', 'ioctl', 'exit_group', 'openat', 'futex', 'epoll_wait', 'write', 'read']
[9.14, 9.14, 9.14, 9.14, 9.14, 9.14, 9.14, 9.14, 9.14, 9.14, 9.14, 9.14, 9.14, 9.14, 9.14, 9.14, 9.14, 9.14, 9.14, 9.14, 9.14, 9.14, 9.14, 9.14, 9.14, 9.14, 9.14, 9.14, 9.14, 9.14, 9.14, 9.14, 9.14, 9.14, 9.14, 9.14, 9.14, 9.14, 9.14, 9.14, 9.14, 9.14, 9.14, 9.14, 9.14, 9.14, 9.14, 9.14, 9.14, 9.14, 9.14, 9.14, 9.14, 9.14, 9.14, 9.14, 9.14, 9.14, 9.14]
[8.64, 8.64, 8.64, 8.64, 8.64, 8.64, 8.64, 8.64, 8.64, 8.64, 8.64, 8.64, 8.64, 8.64, 8.64, 8.64, 8.64, 8.64, 8.64, 8.64, 8.64, 8.64, 8.64, 8.64, 8.64, 8.64, 8.64, 8.64, 8.64, 8.64, 8.64, 8.64, 8.64, 8.64, 8.64, 8.64, 8.64, 8.64, 8.64, 8.64, 8.64, 8.64, 8.64, 8.64, 8.64, 8.64, 8.64, 8.64, 8.64, 8.64, 8.64, 8.64, 8.64, 8.64, 8.64, 8.64, 8.64, 8.64, 8.64]
[0.0, 0.0, 0.0, 0.0, 0.0, 0.0, 0.01, 0.02, 0.02, 0.01, 0.02, 0.04, 0.04, 0.08, 0.01, 0.08, 0.04, 0.03, 0.01, 0.01, 0, 0.02, 0.21, 0, 0.02, 0.06, 0.33, 0.05, 0, 0.8, 0.06, 0, 0.07, 0, 2.02, 0.28, 2.95, 2.2, 3.12, 0.47, 0.33, 0.44, 4.87, 1.35, 0.18, 1.78, 0.19, 0.45, 1.69, 1.36, 0.58, 0.2, 0.09, 0.35, 2.36, 0.12, 0.24, 1.34, 1.34]
[0, 0, 0.0, 0.0, 0, 0.0, 0.01, 0.02, 0.02, 0.02, 0, 0, 0.04, 0.08, 0.01, 0, 0, 0.03, 0, 0.01, 0.11, 0.03, 0.12, 0.03, 0.02, 0, 0.01, 0.05, 0.45, 0, 0.06, 2.01, 0.07, 0.51, 0.24, 0, 0, 0, 0, 0.42, 0.4, 0, 0, 0, 0.45, 0.25, 0.2, 0, 0, 0, 0.65, 0.2, 0.22, 0.77, 2.24, 0.46, 0.49, 4.05, 4.24]
[0.0, 0.0, 0.0, 0.0, 0.0, 0.0, 0.01, 0.02, 0.02, 0.02, 0.04, 0.05, 0.08, 0.09, 0.12, 0.22, 0.28, 0.31, 0.34, 0.36, 0.36, 0.37, 0.44, 0.45, 0.49, 0.98, 1.07, 1.41, 1.99, 2.11, 2.46, 2.52, 2.61, 2.61, 2.94, 2.96, 3.25, 3.5, 4.02, 5.76, 6.24, 6.46, 6.64, 6.82, 6.83, 7.68, 7.83, 8.05, 8.93, 8.97, 10.22, 10.24, 10.97, 11.91, 12.62, 14.96, 16.23, 16.5, 17.99]
['geteuid', 'umask', 'set_robust_list', 'getpid', 'getppid', 'set_tid_address', 'arch_prctl', 'rt_sigaction', 'sysinfo', 'setsid', 'setgid', 'setuid', 'dup2', 'epoll_create', 'close', 'eventfd2', 'setgroups', 'lseek', 'newuname', 'rt_sigprocmask', 'pipe', 'newfstat', 'epoll_ctl', 'getcwd', 'prlimit64', 'prctl', 'brk', 'fcntl', 'madvise', 'rt_sigsuspend', 'bind', 'accept', 'listen', 'readlink', 'setsockopt', 'socketpair', 'accept4', 'writev', 'recvfrom', 'mmap', 'munmap', 'connect', 'sendfile64', 'pread64', 'socket', 'newstat', 'mprotect', 'pwrite64', 'mkdir', 'getdents', 'clone', 'access', 'ioctl', 'exit_group', 'openat', 'futex', 'epoll_wait', 'write', 'read', 'geteuid', 'umask', 'set_robust_list', 'getpid', 'getppid', 'set_tid_address', 'arch_prctl', 'rt_sigaction', 'sysinfo', 'setsid', 'setgid', 'setuid', 'dup2', 'epoll_create', 'close', 'eventfd2', 'setgroups', 'lseek', 'newuname', 'rt_sigprocmask', 'pipe', 'newfstat', 'epoll_ctl', 'getcwd', 'prlimit64', 'prctl', 'brk', 'fcntl', 'madvise', 'rt_sigsuspend', 'bind', 'accept', 'listen', 'readlink', 'setsockopt', 'socketpair', 'accept4', 'writev', 'recvfrom', 'mmap', 'munmap', 'connect', 'sendfile64', 'pread64', 'socket', 'newstat', 'mprotect', 'pwrite64', 'mkdir', 'getdents', 'clone', 'access', 'ioctl', 'exit_group', 'openat', 'futex', 'epoll_wait', 'write', 'read']
[9.92, 9.92, 9.92, 9.92, 9.92, 9.92, 9.92, 9.92, 9.92, 9.92, 9.92, 9.92, 9.92, 9.92, 9.92, 9.92, 9.92, 9.92, 9.92, 9.92, 9.92, 9.92, 9.92, 9.92, 9.92, 9.92, 9.92, 9.92, 9.92, 9.92, 9.92, 9.92, 9.92, 9.92, 9.92, 9.92, 9.92, 9.92, 9.92, 9.92, 9.92, 9.92, 9.92, 9.92, 9.92, 9.92, 9.92, 9.92, 9.92, 9.92, 9.92, 9.92, 9.92, 9.92, 9.92, 9.92, 9.92, 9.92, 9.92]
[9.47, 9.47, 9.47, 9.47, 9.47, 9.47, 9.47, 9.47, 9.47, 9.47, 9.47, 9.47, 9.47, 9.47, 9.47, 9.47, 9.47, 9.47, 9.47, 9.47, 9.47, 9.47, 9.47, 9.47, 9.47, 9.47, 9.47, 9.47, 9.47, 9.47, 9.47, 9.47, 9.47, 9.47, 9.47, 9.47, 9.47, 9.47, 9.47, 9.47, 9.47, 9.47, 9.47, 9.47, 9.47, 9.47, 9.47, 9.47, 9.47, 9.47, 9.47, 9.47, 9.47, 9.47, 9.47, 9.47, 9.47, 9.47, 9.47]
[0.0, 0.0, 0.0, 0.0, 0.0, 0.0, 0.0, 0.01, 0.02, 0.01, 0.02, 0.04, 0.02, 0.1, 0.0, 0.1, 0.05, 0.02, 0.01, 0.01, 0, 0.03, 0.29, 0, 0.02, 0.07, 0.51, 0.05, 0, 1.0, 0.06, 0, 0.05, 0, 1.95, 0.39, 2.85, 2.13, 3.17, 0.68, 0.5, 0.57, 4.92, 1.56, 0.22, 2.15, 0.26, 0.57, 2.06, 1.54, 0.73, 0.28, 0.12, 0.57, 2.89, 0.14, 0.28, 1.7, 1.47]
[0, 0, 0.0, 0.00059, 0, 0.00354, 0.00442, 0.00973, 0.01858, 0.01327, 0, 0, 0.02448, 0.09852, 0.00295, 0, 0, 0.02035, 0, 0.01062, 0.15309, 0.03038, 0.17698, 0.0469, 0.01534, 0, 0.0, 0.04012, 0.68315, 0, 0.06076, 1.96303, 0.05339, 0.63802, 0.24748, 0, 0, 0, 0, 0.60233, 0.57962, 0, 0, 0, 0.55395, 0.31916, 0.27698, 0, 0, 0, 0.8094, 0.27845, 0.264, 1.038, 2.78246, 0.5867, 0.71383, 3.90216, 4.30804]
[0.00236, 0.00118, 0.0, 0.00059, 0.00118, 0.00354, 0.00442, 0.00973, 0.01858, 0.01327, 0.03333, 0.05398, 0.07168, 0.11356, 0.11592, 0.30854, 0.36281, 0.37019, 0.56133, 0.59053, 0.46989, 0.55012, 0.51826, 0.75689, 0.77194, 1.09493, 1.44948, 1.9176, 2.49044, 2.59073, 3.03643, 2.76299, 3.37299, 3.07595, 2.94675, 3.85231, 3.33671, 3.66294, 4.22545, 6.6861, 7.34329, 7.08785, 6.88048, 7.85034, 8.17894, 9.09571, 9.12521, 8.71933, 10.36615, 10.51481, 11.72714, 11.81091, 12.6209, 13.22235, 14.50075, 16.7735, 18.06134, 18.29849, 19.83971]
